%-------------------------------------------------------------------------------------------------
%-------------------------------------------------------------------------------------------------
%----------------------------------------RI Calculations------------------------------------------
%-------------------------------------------------------------------------------------------------
%-------------------------------------------------------------------------------------------------


% Wavelength Range for the Real Part of the Refractive Index of Ge2Sb2Te5 Material at Amorphous State
Landa1 = [21.39011361	12.95189637	12.95189637	12.95189637	12.95189637	12.95189637	7.045144292	7.045144292	5.076226934	33.20361776	30.67215259	24.76540051	24.76540051	45.01712191	42.48565674	36.57890466	24.76540051	57.84321213	48.39240881	48.39240881	48.39240881	70.05049975	60.20591296	60.20591296	54.29916088	80.45763435	72.0194171	60.20591296	93.67750804	77.92616918	104.0846426	83.83292125	115.8981468	95.6464254	129.1180205	113.3666816	139.5251551	119.2734337	151.3386592	131.0869378	162.5896156	174.4031197	183.0663561	198.030128	209.8436322	221.6571363	233.4706405	245.2841446	257.0976488	268.9111529	280.7246571	292.5381612	304.3516653	316.1651695	327.9786736	339.7921778	351.6056819	363.4191861	375.795238	388.6213283	398.8596985	410.6732027	419.3364391	432.3312936	448.0826325	455.9583019	479.5853102	503.2123185	532.7460789	563.4611897	621.34736	680.4148807	723.7310626	757.2026577	792.6431701	822.1769305	845.8039388	869.4309471	893.0579554	917.8663141	950.9441257	975.7524844	999.3794927	1023.006501	1046.633509	1070.260518	1093.887526	1117.514534	1141.141542	1164.768551	1188.395559	1212.022567	1236.830926	1275.309197	1312.437353	1343.152463	1381.630734	1418.75889	1471.075837	1530.143358	1595.961452	1655.028973	1720.003246	1790.884271	1861.765296	1932.64632	2003.527345	2074.40837	2145.289395	2216.17042	2287.051445	2357.93247	2428.813495	2499.694519	2570.575544	2641.456569	2712.337594	2783.218619	2854.099644	2924.980669	2995.861694	3066.742719	3137.623743	3208.504768	3279.385793	3350.266818	3421.147843	3492.028868	3562.909893	3633.790918	3704.671943	3775.552967	3846.433992	3917.315017	3988.196042	4059.077067	4129.958092	4200.839117	4271.720142	4342.601167	4413.482191	4484.363216	4555.244241	4626.125266	4697.006291	4767.887316	4838.768341	4909.649366	4980.530391	5051.411415	5122.29244	5193.173465	5264.05449	5334.935515	5405.81654	5476.697565	5547.57859	5618.459615	5689.340639	5760.221664	5831.102689	5901.983714	5972.864739	6043.745764	6114.626789	6185.507814	6256.388839	6327.269863	6398.150888	6469.031913	6539.912938	6610.793963	6681.674988	6752.556013	6823.437038	6894.318062	6965.199087	7036.080112	7106.961137	7177.842162	7248.723187	7319.604212	7390.485237	7461.366262	7532.247286	7603.128311	7674.009336	7744.890361	7815.771386	7886.652411	7957.533436	8028.414461	8099.295486	8170.17651	8241.057535	8311.93856	8382.819585	8453.70061	8524.581635	8595.46266	8666.343685	8737.22471	8808.105734	8878.986759	8949.867784	9020.748809	9091.629834	9162.510859	9233.391884	9304.272909	9375.153934	9446.034958	9516.915983	9587.797008	9658.678033	9729.559058	9800.440083	9871.321108	9942.202133	10013.08316	10083.96418	10154.84521	10225.72623	10296.60726	10367.48828	10438.36931	10509.25033	10580.13136	10651.01238	10721.89341	10792.77443	10863.65546	10934.53648	11005.41751	11076.29853	11147.17956	11218.06058	11288.94161	11359.82263	11430.70366	11501.58468	11572.46571	11643.34673	11714.22775	11785.10878	11855.9898	11926.87083	11997.75185	12068.63288	12139.5139	12210.39493	12281.27595	12352.15698	12423.038	12493.91903	12564.80005	12635.68108	12706.5621	12777.44313	12848.32415	12919.20518	12990.0862	13060.96723	13131.84825	13202.72928	13273.6103	13344.49133	13415.37235	13486.25338	13557.1344	13628.01543	13698.89645	13769.77748	13840.6585	13911.53953	13982.42055	14053.30158	14124.1826	14195.06363	14265.94465	14336.82568	14407.7067	14478.58773	14549.46875	14620.34978	14691.2308	14762.11182	14832.99285	14903.87387	14974.7549	15045.63592	15116.51695	15187.39797	15258.279	15329.16002	15400.04105	15470.92207	15541.8031	15612.68412	15683.56515	15754.44617	15825.3272	15896.20822	15967.08925	16037.97027	16108.8513	16179.73232	16250.61335	16321.49437	16392.3754	16463.25642	16534.13745	16605.01847	16675.8995	16746.78052	16817.66155	16888.54257	16959.4236	17030.30462	17101.18565	17172.06667	17242.9477	17313.82872	17384.70975	17455.59077	17526.4718	17597.35282	17668.23385	17739.11487	17809.9959	17880.87692	17951.75794	18022.63897	18093.51999	18164.40102	18235.28204	18306.16307	18377.04409	18447.92512	18501.08589];


% Real Part of the Refractive Index of Ge2Sb2Te5 Material at Amorphous State
